181
209
198
196
190
177
190
189
201
185
207
202
177
187
185
199
187
200
180
196
198
175
185
197
187
199
198
175
195
184
189
183
205
191
188
178
188
198
193
193
191
189
194
179
179
174
205
172
179
184
199
207
180
208
196
186
180
190
195
204
187
201
191
207
200
179
194
202
209
186
212
186
199
200
211
177
184
194
185
183
190
218
185
189
207
212
198
188
204
188
198
183
205
200
206
221
193
185
212
190
199
194
212
179
171
189
192
211
200
192
180
183
202
203
191
197
198
173
179
205
178
185
216
171
188
194
197
188
202
200
203
184
198
204
183
195
203
195
175
191
199
211
190
197
196
188
197
185
191
191
202
183
193
198
193
190
185
184
187
197
213
203
195
204
191
200
192
212
176
193
221
200
213
188
188
197
202
198
201
206
177
187
187
178
215
193
200
189
188
199
188
196
191
191
195
216
197
210
172
183
177
202
192
207
195
192
174
195
192
177
183
188
181
200
187
200
205
204
194
187
178
201
182
180
199
196
183
187
194
189
200
193
205
198
206
210
202
179
180
193
193
193
191
206
203
181
199
180
195
196
197
191
197
206
180
189
202
175
195
191
193
182
193
180
204
194
214
191
189
188
193
205
193
189
207
203
210
177
203
202
182
204
183
195
188
191
190
181
194
202
201
185
189
210
183
183
213
197
186
187
202
183
191
210
194
193
191
212
196
185
202
203
177
200
210
192
209
185
196
179
188
199
194
172
176
191
190
197
185
193
196
187
185
186
191
196
187
190
185
184
197
175
207
203
196
190
213
192
205
186
201
182
193
191
193
196
196
201
206
204
172
197
198
184
193
201
193
175
197
198
186
201
206
201
181
188
211
198
195
195
192
181
201
176
202
197
216
200
195
183
204
205
211
187
186
209
199
193
180
198
193
196
198
198
209
184
215
188
204
196
186
190
201
199
209
198
193
183
212
177
186
187
197
179
180
193
201
202
201
214
182
205
185
205
188
185
204
230
199
197
176
204
190
179
197
184
197
188
207
203
198
191
173
198
193
190
180
189
198
194
193
221
196
196
188
205
212
190
195
202
197
173
213
211
188
194
180
206
190
222
192
212
183
202
201
196
181
200
198
195
181
187
179
183
217
197
187
211
202
177
210
176
190
195
199
207
196
204
212
194
208
204
191
197
211
188
198
190
191
189
177
203
204
195
187
172
188
192
205
184
204
190
180
190
201
198
177
207
190
197
202
194
190
209
204
177
193
178
199
190
185
187
196
184
188
196
200
197
204
213
184
193
196
178
173
200
171
193
187
185
198
195
195
206
184
190
204
204
187
204
187
196
215
213
208
194
199
198
200
203
175
185
204
187
197
197
182
174
208
184
189
194
193
197
192
204
214
200
184
198
197
195
190
200
170
198
204
192
201
201
193
193
191
191
187
188
201
189
195
207
194
202
198
204
196
187
180
189
187
190
183
197
181
190
194
176
175
198
190
194
189
197
182
211
199
193
195
194
210
189
171
189
175
193
201
195
185
177
227
194
204
200
192
201
190
200
179
191
195
179
195
217
176
205
214
193
181
192
205
191
200
175
206
181
193
195
167
190
188
179
183
195
166
197
195
209
192
187
201
211
194
190
196
203
191
210
186
195
185
202
172
207
195
190
181
206
198
208
189
192
194
219
182
199
194
194
197
209
203
180
178
170
206
199
197
180
205
205
210
200
214
196
194
214
202
196
179
201
180
204
184
199
213
205
171
181
205
205
194
190
190
185
207
198
186
205
193
197
196
190
194
181
182
188
188
204
191
192
178
185
183
201
175
187
195
184
187
209
196
193
202
195
221
197
201
204
209
188
196
173
195
196
182
194
202
197
183
198
194
218
179
203
195
203
195
193
183
194
212
211
183
194
190
175
189
185
207
194
184
173
197
191
178
196
187
190
197
199
189
198
213
186
176
191
190
195
199
217
189
194
195
198
195
189
191
192
195
193
204
211
178
194
192
190
201
174
212
206
196
199
197
194
213
194
211
198
204
195
183
193
206
181
202
205
201
189
183
203
190
202
191
183
167
200
197
180
197
196
184
178
186
210
186
193
182
210
188
208
195
200
197
199
202
185
185
188
200
190
190
186
197
177
197
187
217
186
210
174
183
203
186
205
208
162
195
193
193
204
212
197
199
209
176
187
194
187
183
184
205
212
194
202
194
193
209
208
191
200
180
219
181
219
203
190
189
202
187
186
205
194
201
194
200
216
191
214
190
197
205
186
198
209
208
188
183
199
187
184
204
205
